EER:0.166914
DCF(p=0.01):0.821792
DCF(p=0.001):0.865642
