EER:0.069883
DCF(p=0.01):0.575504
DCF(p=0.001):0.681124
