EER:0.066967
DCF(p=0.01):0.574443
DCF(p=0.001):0.616331
